69
319 747
110 529
201 524
202 411
158 409
148 462
174 461
145 496
101 469
122 457
133 406
97 406
97 427
69 431
61 235
118 225
170 219
173 265
118 282
118 353
202 365
213 270
192 270
192 224
306 227
293 334
341 373
361 374
354 236
364 236
372 372
422 361
427 325
404 243
475 242
483 303
452 313
454 374
586 375
586 295
513 305
514 248
662 249
658 436
627 437
627 420
599 421
599 444
550 450
556 417
522 421
522 485
598 489
538 573
444 492
488 481
491 429
406 430
394 542
474 545
587 711
670 645
684 198
60 180
56 143
734 130
694 649
586 735
452 591
