53
8 18
10.94 19.57
18 18
21.65 13.31
22 8
19.45 5.92
16.73 3.92
11.70 3.14
5.92 2.86
3.59 5.01
2.78 8.40
3.44 12.28
5.26 16.21
6.83 15.67
5.23 12.03
4.99 9.13
5.38 6.47
8.25 5.01
14.79 6.47
17.97 6.80
19.06 9.61
20.78 11.64
18.48 15.21
13.73 17.69
10.58 17.39
10.10 13.64
9.13 10.46
8.16 9.40
10.83 10.25
12.16 8.92
14.31 9.80
16 12
15.18 14.09
13.37 14.94
12.97 13.55
14.28 12.22
13.07 10.95
11.52 11.79
11.40 13.52
12.16 16.73
17.00 14.70
17.57 11.25
16.15 9.22
14.67 7.70
11.01 6.35
10.19 8.89
9.13 6.22
6.71 7.31
7.32 9.46
6.38 10.98
8.95 11.67
8.71 14.91
9.19 17.18