118
69 717
102 752
171 713
237 753
318 657
372 721
464 714
534 657
486 557
531 512
472 453
358 475
365 568
242 505
175 560
138 445
190 389
110 349
290 402
326 445
406 376
494 421
557 354
559 226
414 261
323 225
252 297
162 204
170 161
280 125
369 176
498 136
644 161
592 294
683 353
551 445
695 565
650 638
618 722
766 760
775 654
782 430
702 449
777 352
728 313
770 250
686 83
734 68
755 42
718 21
693 63
646 46
657 110
702 143
707 223
746 246
700 261
733 291
700 325
743 348
737 372
710 383
711 421
669 465
706 484
766 456
743 529
760 557
765 528
770 551
759 610
762 649
737 629
744 715
673 694
732 593
723 538
615 453
708 353
638 298
673 138
495 99
434 125
418 31
372 163
290 68
215 135
118 58
23 121
167 131
65 200
246 322
342 262
517 285
537 344
351 361
327 415
255 359
60 291
26 376
154 393
64 451
172 588
242 586
253 534
380 605
444 549
397 498
454 489
481 514
490 537
445 565
490 605
514 656
462 699
287 616
261 701
129 669
