73
165 435
202 567
295 573
335 448
471 449
529 709
575 452
658 457
657 587
719 588
739 469
776 471
762 726
622 617
609 521
560 657
576 729
454 735
480 571
450 477
422 573
371 477
322 521
408 733
325 741
334 600
278 649
145 557
59 479
134 491
31 293
136 267
203 279
223 349
238 421
257 517
364 254
242 146
145 194
92 224
48 191
111 66
174 135
322 48
354 214
434 95
535 217
685 186
673 85
778 163
763 245
630 232
609 313
448 200
411 275
459 325
481 294
529 322
658 328
662 281
731 300
762 437
647 377
612 422
507 436
598 380
607 355
499 343
464 392
398 321
320 424
274 541
207 537
