87
48 377
159 521
222 391
287 490
341 387
438 393
411 418
478 453
436 472
568 477
479 496
617 497
587 451
494 429
610 405
606 389
644 386
624 418
586 421
638 464
636 482
673 458
649 431
681 389
726 391
722 473
686 483
763 505
674 521
750 533
622 581
757 569
660 613
774 607
714 641
774 667
692 692
722 738
790 673
790 647
776 631
788 597
733 598
793 557
732 553
789 535
771 522
790 502
780 475
753 482
754 393
782 390
682 335
745 315
210 289
698 262
274 221
675 187
326 109
447 176
166 193
282 265
72 322
610 344
27 351
25 482
27 604
18 727
232 698
185 767
282 776
292 720
344 737
413 709
419 765
560 753
454 700
536 653
503 543
384 559
374 681
322 678
404 511
332 545
202 613
80 626
77 501
