107
721 759
761 722
701 661
608 715
487 610
424 722
338 678
294 733
224 581
175 701
135 578
246 530
110 494
300 486
328 583
409 511
417 586
500 489
598 605
723 624
749 550
680 466
692 380
604 397
518 311
445 380
349 286
268 340
165 235
120 399
109 229
182 194
167 157
292 230
382 188
543 254
617 182
685 314
748 278
747 67
612 88
445 36
400 100
201 50
202 135
68 41
24 78
212 150
284 102
314 142
458 114
505 84
630 128
711 110
678 197
611 145
532 206
464 150
428 169
360 156
288 190
281 146
216 170
154 142
145 180
76 181
92 241
100 334
35 338
128 445
193 393
165 316
212 308
231 438
318 338
402 388
414 439
518 361
530 442
576 405
643 428
642 510
724 550
623 589
472 450
444 506
332 432
252 456
160 467
72 461
87 537
152 527
62 610
111 698
188 740
254 705
273 769
400 734
432 757
491 706
490 670
524 718
545 699
564 759
664 731
676 762
709 706
