150
138 35
135 61
40 59
34 500
114 499
108 444
176 438
179 291
205 288
204 463
134 470
139 525
41 525
38 736
104 737
104 578
216 559
215 497
259 492
259 500
235 516
232 579
124 605
123 742
181 735
171 620
230 615
237 646
216 650
215 643
194 646
199 735
382 742
383 663
273 667
283 544
406 531
401 547
303 568
296 642
482 641
500 491
513 489
496 705
599 701
603 648
619 647
615 730
480 731
476 671
407 675
408 747
669 745
669 584
612 587
619 539
583 547
572 672
544 675
570 520
647 503
641 550
693 555
697 741
755 742
760 475
547 475
547 408
445 412
446 496
291 503
295 480
423 468
427 415
353 416
345 452
233 460
240 269
154 263
144 395
70 399
71 384
122 375
135 249
68 247
67 220
143 229
153 245
265 248
257 434
323 426
340 388
572 393
567 454
766 455
759 278
667 277
647 377
714 381
722 321
690 325
688 352
669 354
682 306
743 304
728 404
613 404
635 323
335 331
315 390
288 396
317 310
340 300
638 303
651 255
754 255
763 64
643 67
648 219
611 222
618 73
497 71
483 192
584 197
577 231
383 229
383 203
462 192
462 127
350 127
349 255
317 259
327 115
463 105
465 79
284 67
279 215
171 217
175 190
259 187
260 67
188 68
189 172
67 159
70 198
56 199
56 142
171 151
175 69
176 35
