149
122 379
152 361
176 399
178 437
226 456
238 502
282 521
278 550
291 593
323 586
348 553
334 529
310 541
302 503
330 473
366 471
393 485
398 528
434 528
420 461
350 448
302 458
295 419
341 398
418 401
430 379
300 384
296 332
437 333
434 318
300 319
298 291
338 291
298 275
274 253
266 217
251 130
230 33
290 23
343 237
390 257
442 237
498 27
564 28
507 294
501 580
665 363
698 349
708 393
780 349
714 433
658 439
695 522
620 549
600 603
545 614
540 661
474 646
430 630
408 662
438 694
459 671
526 675
570 725
533 762
457 777
408 785
330 778
288 729
305 679
329 637
358 617
391 617
386 642
340 652
342 687
307 719
342 749
414 731
452 759
540 739
515 690
467 694
463 730
401 716
382 669
425 609
466 625
522 634
539 581
577 582
630 512
664 512
622 487
650 421
695 414
681 388
657 402
640 414
620 455
586 500
594 539
524 573
501 609
464 600
482 515
486 284
542 45
508 36
508 69
467 169
466 252
410 260
387 301
317 229
319 172
266 43
244 47
274 141
281 238
342 273
366 295
317 306
367 308
391 310
440 307
454 345
312 349
318 369
455 363
429 418
339 417
316 439
366 433
453 451
455 542
410 560
378 533
375 493
343 494
329 514
353 517
374 562
338 601
280 608
254 534
191 512
204 475
128 413
