68
501 673
281 678
105 413
51 213
115 93
425 79
731 117
735 319
741 457
685 608
587 616
430 558
316 541
251 369
212 292
283 204
483 170
628 227
608 408
559 464
442 477
388 411
358 291
481 257
546 331
496 385
483 327
430 319
456 385
478 433
565 370
568 289
521 237
374 236
280 285
319 421
429 504
562 503
607 556
648 488
604 469
646 413
703 418
669 342
698 235
614 173
556 130
366 161
354 125
207 161
213 222
109 224
148 308
196 317
151 380
214 461
279 489
242 554
314 613
427 602
598 655
700 731
663 773
507 783
402 783
381 725
495 725
593 722
