100
37 95
159 317
235 209
392 421
445 225
529 293
646 217
659 419
593 354
569 433
514 446
446 529
293 385
246 271
164 362
51 263
33 340
65 501
160 437
235 574
373 537
455 645
645 535
711 653
533 656
414 681
201 593
65 541
26 621
88 766
114 597
318 692
374 776
535 676
644 793
778 672
782 574
697 589
720 470
582 521
557 568
458 593
360 500
289 526
247 514
230 424
118 401
90 441
66 350
164 378
246 372
289 446
450 541
526 520
617 410
631 467
750 401
683 317
682 251
777 153
762 33
716 49
726 114
675 193
557 227
421 188
364 256
402 309
362 338
375 302
325 300
326 238
274 196
202 141
172 239
131 198
200 112
293 132
294 183
350 211
438 141
578 193
682 137
687 89
610 125
516 155
470 107
456 60
425 57
421 117
397 160
350 189
319 151
363 81
314 33
285 53
321 83
297 104
186 67
115 149
