70
549 703
582 677
666 723
753 676
786 665
762 632
689 623
686 598
722 596
713 526
633 521
646 469
624 432
623 409
597 407
598 436
535 432
550 373
466 435
415 435
417 393
372 478
411 540
361 569
315 541
337 592
423 589
446 620
252 609
274 576
187 459
214 441
120 416
198 352
242 351
347 328
350 279
280 236
254 148
272 94
215 124
210 238
122 332
175 347
61 436
105 501
64 561
43 582
34 526
11 586
42 653
152 611
220 640
275 633
360 637
350 692
270 695
234 739
269 777
398 776
411 693
369 686
378 645
513 622
549 639
508 675
463 674
487 723
538 684
566 659
