109
387 740
384 632
288 718
202 716
284 647
238 608
344 591
416 606
446 712
587 665
487 632
519 549
643 612
650 746
547 726
546 757
706 761
701 584
764 578
729 648
762 648
770 505
688 494
749 428
691 302
614 317
668 389
579 465
684 541
652 552
530 503
554 328
594 358
573 270
704 251
725 333
762 271
721 189
758 169
758 169
758 89
686 131
588 83
653 165
647 205
551 192
534 90
578 141
556 45
650 48
671 85
699 37
486 20
274 56
362 46
397 119
418 71
449 132
470 60
494 73
494 151
517 151
526 187
520 240
595 225
530 285
430 319
412 203
456 244
422 137
333 176
382 261
226 218
350 307
119 327
169 180
106 181
248 132
280 163
313 121
202 52
26 78
98 119
37 164
98 210
38 261
110 276
46 344
172 365
114 485
230 431
181 344
276 338
269 453
348 448
358 381
468 362
418 490
458 534
332 526
307 553
244 503
239 572
63 553
254 643
128 667
203 758
278 740
350 772
